# VRP parameters: V = num of vehicles, L = max_load, T = max_tour_length
V,3
L,10
T,1000

# carrier depots: C x y
# one line per carrier, number of carriers defined by number of lines
C,48.210033,16.45781160409907
C,48.264491639717114,16.31626769795046
C,48.15557436028289,16.31626769795046

# requests: carrier_index delivery_x delivery_y revenue
# carrier_index = line index of carriers above
0,48.25020297756053,16.3765389372454,1
0,48.24994864193564,16.53213308779523,1
0,48.27081207577795,16.44045853799714,1
0,48.22224568023638,16.4525420976932,1
0,48.21402434524028,16.41509513986588,1
0,48.15020181893319,16.38897676407596,1
0,48.2225823032328,16.45271216519714,1
0,48.24649710669545,16.48715399889798,1
0,48.20432324831437,16.5251925203453,1
0,48.20420660043516,16.38464271864397,1
1,48.25791017751285,16.36565534631399,1
1,48.22643868105677,16.298589758029,1
1,48.21273157997707,16.32884896099726,1
1,48.22560207510242,16.36409233981842,1
1,48.23224056599842,16.38953742109412,1
1,48.22826005725241,16.36157669064515,1
1,48.22481641081469,16.33672736676952,1
1,48.24638356406835,16.3593952834524,1
1,48.2317763256362,16.35256332207344,1
1,48.23032461252333,16.30869445334114,1
2,48.21125615137814,16.30722189558353,1
2,48.15363954186815,16.32625452173898,1
2,48.13751212534025,16.32913383394187,1
2,48.1438509004528,16.27491758989719,1
2,48.13712280908992,16.31721534383172,1
2,48.15485087920111,16.3083280290424,1
2,48.21240867729704,16.32043794884756,1
2,48.16467552105958,16.36382417782901,1
2,48.13830402793503,16.29527494365414,1
2,48.19070810480665,16.36180758945619,1

# travel duration in seconds
0,1268,810,820,573,1219,824,1075,1472,673,372,975,692,478,328,446,630,292,466,952,882,1475,1508,1802,1528,1428,781,1216,1669,991
1333,0,895,772,1041,1345,776,436,619,1249,1424,1993,1710,1524,1169,1496,1649,1334,1484,1970,1900,1601,1633,2043,1653,1686,1799,1341,1910,1448
768,812,0,738,900,1305,741,656,1389,1043,858,1428,1144,963,825,931,1083,769,919,1405,1335,1561,1594,2004,1614,1647,1234,1302,1870,1408
778,796,845,0,506,809,38,544,881,713,917,1487,1203,988,609,964,1142,827,977,1463,1393,1065,1098,1507,1118,1150,1292,806,1374,912
593,1035,956,532,0,819,526,843,1239,379,773,1170,886,599,318,581,825,645,741,1146,1053,1075,1107,1517,1127,1160,952,815,1384,748
1244,1411,1453,908,843,0,902,1219,1615,749,1383,1506,1197,1127,1032,1144,1280,1294,1264,1503,1284,690,722,1132,742,775,1246,402,998,742
794,779,828,90,522,826,0,528,878,730,933,1503,1220,1005,625,980,1159,844,994,1480,1410,1082,1114,1524,1134,1167,1309,822,1391,929
1146,440,736,519,854,1157,523,0,929,1061,1236,1806,1522,1336,982,1309,1461,1147,1297,1783,1712,1413,1446,1855,1466,1498,1611,1154,1722,1260
1491,682,1453,783,1194,1497,786,973,0,1401,1630,2199,1916,1676,1316,1671,1855,1540,1690,2176,2105,1753,1786,2195,1806,1838,2005,1494,2062,1600
619,1225,1105,721,422,680,716,1032,1429,0,734,964,635,393,378,411,635,625,572,942,764,920,951,1325,971,948,684,588,1190,383
378,1372,862,969,725,1368,973,1179,1622,792,0,930,663,507,466,507,602,204,438,906,854,1470,1572,1774,1590,1399,753,1231,1641,999
912,1950,1440,1547,1143,1471,1551,1757,2199,909,915,0,378,696,946,696,425,754,582,207,330,1147,1380,1338,1267,1076,396,1176,1318,1020
671,1709,1199,1237,901,1146,1231,1516,1944,584,677,443,0,455,705,455,277,543,340,420,255,919,1143,1223,1038,848,154,864,1089,694
435,1477,967,1042,596,1151,1043,1284,1695,472,463,709,426,0,399,139,365,354,281,686,616,1233,1290,1537,1311,1162,515,949,1403,717
328,1119,819,670,321,1009,674,926,1323,398,476,966,682,409,0,377,621,348,487,943,872,1265,1297,1707,1318,1340,771,986,1574,767
367,1405,895,1002,570,1126,1006,1212,1655,447,391,668,384,128,374,0,323,282,236,645,574,1191,1249,1495,1269,1120,473,908,1362,676
612,1650,1140,1247,843,1278,1251,1457,1900,716,618,422,280,397,646,396,0,484,282,399,415,1099,1282,1396,1219,1028,333,1003,1270,826
250,1319,809,912,645,1275,916,1126,1565,664,191,758,523,367,338,366,462,0,298,735,713,1330,1432,1634,1450,1259,612,1091,1501,859
338,1376,866,973,702,1189,977,1183,1625,591,343,659,391,269,396,268,330,210,0,636,581,1198,1311,1502,1317,1127,480,969,1368,737
901,1939,1429,1536,1132,1461,1540,1746,2189,899,904,217,367,686,935,685,414,743,571,0,319,1136,1369,1327,1256,1065,385,1165,1307,1009
843,1881,1371,1432,1074,1281,1426,1688,2131,779,849,295,231,628,877,627,426,715,513,306,0,870,1102,1092,989,799,196,961,1040,820
1411,1636,1678,1133,1068,739,1127,1444,1840,815,1417,1191,939,1146,1171,1180,1022,1283,1081,1191,969,0,387,672,394,457,973,418,521,579
1549,1716,1757,1212,1148,819,1207,1523,1920,981,1641,1315,1142,1313,1337,1346,1270,1507,1329,1315,1093,434,0,735,211,584,1108,584,467,745
1753,2101,2142,1597,1532,1203,1592,1908,2305,1333,1758,1325,1228,1537,1689,1537,1363,1625,1422,1335,1152,728,842,0,597,541,1184,1016,467,1101
1514,1681,1722,1177,1113,783,1172,1488,1885,946,1585,1235,1062,1278,1302,1311,1190,1451,1249,1235,1013,374,308,586,0,488,1028,549,301,710
1452,1762,1803,1258,1194,865,1253,1569,1966,994,1457,1108,935,1236,1350,1236,1062,1324,1121,1108,886,397,585,533,479,0,901,677,381,762
746,1784,1274,1335,977,1199,1329,1591,2033,682,752,405,134,531,780,530,329,618,416,405,206,886,1118,1183,1006,815,0,883,1056,730
1209,1376,1418,873,808,449,867,1183,1580,615,1303,1197,882,962,971,980,965,1193,1024,1188,981,543,574,1002,594,644,932,0,850,430
1648,1912,1953,1408,1344,1015,1403,1719,2116,1191,1654,1305,1132,1433,1533,1432,1259,1521,1318,1304,1083,514,559,424,299,399,1098,799,0,959
910,1519,1396,1016,713,827,1010,1326,1723,357,955,946,617,628,669,677,701,822,661,924,746,783,814,1145,834,768,667,535,1010,0
