# VRP parameters: V = num of vehicles, L = max_load, T = max_tour_length
V,3
L,10
T,1000

# carrier depots: C x y
# one line per carrier, number of carriers defined by number of lines
C,48.20899151747882,16.45685819962165
C,48.26312541577207,16.31392223272237
C,48.16014924035386,16.31638356448711

# requests: carrier_index delivery_x delivery_y revenue
# carrier_index = line index of carriers above
0,48.22753197853028,16.51684691391992,1
0,48.16123183570637,16.37432593326114,1
0,48.22813623748268,16.45341270208122,1
0,48.16344084009224,16.39131003751702,1
0,48.21816798425438,16.40528973216163,1
0,48.27594015328556,16.42419979917365,1
0,48.22423143491511,16.54240777964208,1
0,48.25886419259061,16.4455516916744,1
0,48.17642295040145,16.38590222137535,1
0,48.27510648956537,16.3895593132053,1
1,48.22447267700015,16.33424396358638,1
1,48.20861561867873,16.3707024584508,1
1,48.22963694384462,16.31631807841092,1
1,48.24906897860831,16.3014616523923,1
1,48.23247156522203,16.31027806681587,1
1,48.22097493292944,16.32775394199252,1
1,48.2550794458538,16.35029504559132,1
1,48.24152916831822,16.32152532996267,1
1,48.23306040086377,16.35358891926427,1
1,48.24760539348329,16.30848083819215,1
2,48.16271850618352,16.26493718012048,1
2,48.17580046922838,16.36432913507791,1
2,48.15738036530738,16.28631141430049,1
2,48.16743470219402,16.26368253318819,1
2,48.15532014315202,16.2681621402255,1
2,48.18887409128655,16.27053463471841,1
2,48.18364840340818,16.34928533797782,1
2,48.21077992014082,16.24434275023693,1
2,48.15632249637584,16.29301741489125,1
2,48.1828503586848,16.34200258676764,1

# travel duration in seconds. initial entries correspond to depots
0.0,1612.0,1129.0,903.0,932.0,371.0,942.0,764.0,1091.0,903.0,823.0,1045.0,1006.0,1336.0,1104.0,1513.0,1716.0,1555.0,1419.0,1342.0,1367.0,1130.0,1546.0,1668.0,1087.0,1526.0,1614.0,1649.0,1735.0,1127.0,2133.0,1454.0,1128.0
1515.0,0.0,1847.0,2025.0,1586.0,1445.0,1572.0,1096.0,1074.0,2077.0,1315.0,1453.0,960.0,837.0,1064.0,913.0,969.0,956.0,924.0,437.0,725.0,593.0,781.0,1910.0,1433.0,1816.0,1855.0,1891.0,1628.0,1314.0,1416.0,1739.0,1275.0
1177.0,1623.0,0.0,1716.0,539.0,1087.0,627.0,1082.0,1553.0,1768.0,1380.0,716.0,1439.0,838.0,1058.0,912.0,1318.0,1046.0,760.0,1352.0,1097.0,1042.0,1157.0,539.0,582.0,397.0,485.0,520.0,626.0,459.0,1098.0,325.0,404.0
900.0,2112.0,1604.0,0.0,1408.0,798.0,1418.0,1240.0,1315.0,236.0,1051.0,1521.0,1451.0,1837.0,1579.0,2013.0,2216.0,2056.0,1919.0,1842.0,1868.0,1630.0,2047.0,2144.0,1563.0,2002.0,2089.0,2125.0,2210.0,1603.0,2608.0,1929.0,1603.0
879.0,1676.0,514.0,1419.0,0.0,789.0,300.0,784.0,1268.0,1470.0,1082.0,380.0,1155.0,1010.0,811.0,1193.0,1583.0,1329.0,1012.0,1406.0,1362.0,1096.0,1422.0,980.0,248.0,886.0,926.0,961.0,1011.0,473.0,1470.0,810.0,473.0
354.0,1455.0,947.0,758.0,751.0,0.0,760.0,582.0,791.0,810.0,523.0,864.0,849.0,1179.0,922.0,1356.0,1559.0,1398.0,1262.0,1185.0,1210.0,973.0,1389.0,1486.0,905.0,1344.0,1432.0,1467.0,1553.0,946.0,1951.0,1272.0,946.0
978.0,1673.0,534.0,1517.0,310.0,888.0,0.0,883.0,1367.0,1569.0,1181.0,226.0,1253.0,1058.0,779.0,1241.0,1629.0,1374.0,1060.0,1402.0,1380.0,1092.0,1468.0,1074.0,321.0,932.0,1019.0,1055.0,1128.0,520.0,1526.0,859.0,521.0
720.0,1207.0,1038.0,1259.0,842.0,630.0,851.0,0.0,816.0,1311.0,670.0,762.0,702.0,776.0,472.0,959.0,1251.0,1041.0,859.0,937.0,962.0,675.0,1090.0,1523.0,811.0,1429.0,1468.0,1504.0,1367.0,862.0,1675.0,1352.0,852.0
1080.0,1180.0,1550.0,1301.0,1354.0,850.0,1364.0,839.0,0.0,1341.0,426.0,1427.0,442.0,905.0,986.0,1081.0,1284.0,1124.0,987.0,910.0,936.0,698.0,1115.0,1907.0,1419.0,1813.0,1853.0,1888.0,1642.0,1311.0,1837.0,1737.0,1273.0
898.0,2161.0,1653.0,334.0,1457.0,847.0,1467.0,1288.0,1350.0,0.0,1086.0,1570.0,1546.0,1885.0,1628.0,2062.0,2265.0,2104.0,1968.0,1891.0,1916.0,1679.0,2095.0,2192.0,1611.0,2050.0,2138.0,2173.0,2259.0,1652.0,2657.0,1978.0,1652.0
814.0,1429.0,1309.0,1041.0,1113.0,583.0,1123.0,703.0,437.0,1080.0,0.0,1226.0,701.0,1153.0,1018.0,1330.0,1533.0,1372.0,1236.0,1159.0,1184.0,947.0,1363.0,1849.0,1268.0,1706.0,1794.0,1830.0,1890.0,1308.0,2086.0,1634.0,1308.0
946.0,1547.0,585.0,1485.0,354.0,856.0,192.0,758.0,1335.0,1537.0,1149.0,0.0,1221.0,929.0,653.0,1111.0,1502.0,1247.0,931.0,1277.0,1255.0,967.0,1341.0,1052.0,247.0,958.0,998.0,1033.0,999.0,391.0,1397.0,882.0,392.0
975.0,1061.0,1431.0,1423.0,1235.0,879.0,1245.0,719.0,415.0,1511.0,662.0,1308.0,0.0,785.0,866.0,962.0,1165.0,1004.0,868.0,791.0,816.0,579.0,995.0,1788.0,1299.0,1694.0,1733.0,1769.0,1522.0,1192.0,1718.0,1618.0,1153.0
1327.0,909.0,1223.0,1837.0,1085.0,1257.0,1072.0,743.0,886.0,1889.0,1127.0,953.0,772.0,0.0,613.0,199.0,589.0,335.0,117.0,639.0,368.0,342.0,428.0,1212.0,827.0,1119.0,1158.0,1193.0,917.0,663.0,1095.0,1043.0,625.0
1036.0,1099.0,1170.0,1576.0,974.0,946.0,915.0,444.0,930.0,1627.0,973.0,796.0,816.0,592.0,0.0,775.0,1087.0,857.0,683.0,829.0,807.0,511.0,926.0,1506.0,845.0,1412.0,1451.0,1487.0,1240.0,855.0,1475.0,1335.0,835.0
1503.0,970.0,1278.0,2013.0,1279.0,1433.0,1274.0,922.0,1065.0,2065.0,1307.0,1155.0,952.0,202.0,784.0,0.0,634.0,309.0,262.0,700.0,412.0,473.0,472.0,1261.0,1018.0,1174.0,1207.0,1242.0,966.0,855.0,1144.0,1098.0,815.0
1717.0,873.0,1679.0,2227.0,1561.0,1646.0,1548.0,1195.0,1279.0,2279.0,1521.0,1429.0,1166.0,582.0,1057.0,640.0,0.0,595.0,663.0,842.0,402.0,687.0,202.0,1662.0,1409.0,1575.0,1608.0,1643.0,1367.0,1246.0,1086.0,1499.0,1207.0
1555.0,1022.0,1415.0,2065.0,1337.0,1484.0,1323.0,970.0,1113.0,2117.0,1355.0,1204.0,1000.0,340.0,832.0,188.0,590.0,0.0,399.0,752.0,369.0,525.0,429.0,1398.0,1155.0,1311.0,1343.0,1379.0,1103.0,991.0,1213.0,1235.0,951.0
1416.0,994.0,1182.0,1926.0,1097.0,1346.0,1084.0,832.0,975.0,1978.0,1216.0,965.0,861.0,105.0,675.0,261.0,652.0,397.0,0.0,724.0,430.0,436.0,490.0,1172.0,839.0,1078.0,1118.0,1153.0,880.0,675.0,1077.0,1002.0,637.0
1272.0,484.0,1636.0,1782.0,1375.0,1202.0,1361.0,853.0,831.0,1834.0,1072.0,1242.0,717.0,626.0,853.0,702.0,865.0,745.0,713.0,0.0,514.0,382.0,677.0,1699.0,1222.0,1605.0,1644.0,1680.0,1417.0,1103.0,1376.0,1528.0,1064.0
1374.0,710.0,1455.0,1884.0,1337.0,1303.0,1324.0,928.0,936.0,1936.0,1178.0,1205.0,822.0,358.0,833.0,416.0,404.0,371.0,439.0,528.0,0.0,381.0,214.0,1438.0,1185.0,1351.0,1384.0,1419.0,1143.0,1022.0,1019.0,1275.0,983.0
1061.0,712.0,1253.0,1571.0,992.0,990.0,978.0,581.0,619.0,1622.0,861.0,859.0,505.0,313.0,470.0,495.0,699.0,538.0,396.0,441.0,419.0,0.0,537.0,1316.0,839.0,1222.0,1261.0,1297.0,1050.0,720.0,1286.0,1146.0,681.0
1550.0,687.0,1515.0,2060.0,1397.0,1480.0,1383.0,1031.0,1112.0,2112.0,1354.0,1264.0,999.0,418.0,892.0,476.0,202.0,430.0,499.0,656.0,210.0,522.0,0.0,1498.0,1245.0,1411.0,1443.0,1479.0,1203.0,1081.0,900.0,1335.0,1043.0
1740.0,2004.0,985.0,2279.0,1102.0,1650.0,1190.0,1551.0,1934.0,2331.0,1943.0,1151.0,1821.0,1208.0,1447.0,1275.0,1682.0,1410.0,1130.0,1734.0,1460.0,1423.0,1520.0,0.0,993.0,357.0,257.0,170.0,659.0,861.0,1174.0,383.0,806.0
1018.0,1513.0,552.0,1558.0,319.0,928.0,338.0,778.0,1407.0,1610.0,1222.0,277.0,1294.0,797.0,674.0,980.0,1370.0,1116.0,799.0,1243.0,1149.0,933.0,1209.0,921.0,0.0,827.0,866.0,902.0,867.0,260.0,1265.0,750.0,260.0
1520.0,1829.0,766.0,2060.0,883.0,1430.0,971.0,1376.0,1759.0,2112.0,1724.0,976.0,1646.0,1044.0,1272.0,1118.0,1525.0,1253.0,966.0,1559.0,1303.0,1248.0,1364.0,312.0,818.0,0.0,417.0,204.0,603.0,686.0,1118.0,185.0,631.0
1636.0,1900.0,881.0,2175.0,999.0,1546.0,1087.0,1447.0,1831.0,2227.0,1839.0,1047.0,1717.0,1105.0,1343.0,1171.0,1578.0,1306.0,1026.0,1630.0,1357.0,1320.0,1417.0,215.0,889.0,447.0,0.0,353.0,556.0,757.0,1071.0,437.0,702.0
1650.0,1930.0,895.0,2189.0,1013.0,1560.0,1101.0,1477.0,1861.0,2241.0,1853.0,1077.0,1747.0,1135.0,1373.0,1201.0,1608.0,1336.0,1056.0,1660.0,1387.0,1350.0,1447.0,254.0,919.0,249.0,374.0,0.0,586.0,787.0,1101.0,275.0,732.0
1699.0,1637.0,1018.0,2239.0,1086.0,1609.0,1156.0,1275.0,1601.0,2290.0,1804.0,1039.0,1487.0,835.0,1171.0,901.0,1308.0,1036.0,756.0,1380.0,1087.0,1090.0,1147.0,619.0,884.0,641.0,564.0,600.0,0.0,709.0,577.0,565.0,604.0
1121.0,1385.0,708.0,1660.0,566.0,1031.0,578.0,788.0,1315.0,1712.0,1317.0,460.0,1201.0,639.0,684.0,822.0,1212.0,957.0,641.0,1114.0,991.0,804.0,1051.0,837.0,305.0,743.0,782.0,818.0,709.0,0.0,1107.0,666.0,95.0
2099.0,1342.0,1454.0,2638.0,1505.0,2009.0,1556.0,1675.0,1845.0,2690.0,2087.0,1438.0,1732.0,1062.0,1543.0,1066.0,1105.0,1134.0,984.0,1370.0,1038.0,1295.0,917.0,1133.0,1283.0,1156.0,1079.0,1114.0,626.0,1109.0,0.0,1080.0,1004.0
1446.0,1841.0,687.0,1985.0,809.0,1356.0,897.0,1351.0,1772.0,2037.0,1649.0,963.0,1658.0,1057.0,1272.0,1131.0,1537.0,1265.0,979.0,1571.0,1316.0,1261.0,1376.0,378.0,796.0,82.0,483.0,271.0,615.0,673.0,1130.0,0.0,618.0
1103.0,1344.0,662.0,1642.0,548.0,1013.0,560.0,825.0,1274.0,1694.0,1306.0,442.0,1160.0,598.0,720.0,781.0,1171.0,916.0,593.0,1073.0,950.0,763.0,1010.0,741.0,287.0,647.0,686.0,722.0,623.0,124.0,1038.0,571.0,0.0
