# VRP parameters: V = num of vehicles, L = max_load, T = max_tour_length
V,3
L,10
T,1000

# carrier depots: C x y
# one line per carrier, number of carriers defined by number of lines
C,48.210033,16.45781160409907
C,48.264491639717114,16.31626769795046
C,48.15557436028289,16.31626769795046

# requests: carrier_index delivery_x delivery_y revenue
# carrier_index = line index of carriers above
0,48.17611950243524,16.40109712000879,1
0,48.21318776355293,16.52985752528474,1
0,48.25522137630104,16.44205481326813,1
0,48.27134281160878,16.38084396122743,1
0,48.22443738833095,16.48488075987835,1
0,48.25435999535548,16.43639975241136,1
0,48.26150316210779,16.47442028256084,1
0,48.25465611221905,16.38794319285864,1
0,48.1739850381858,16.36302519862997,1
0,48.25658403947265,16.50600440373913,1
1,48.21603239854696,16.34791347016089,1
1,48.22440500041658,16.24374711242684,1
1,48.22097493292944,16.32775394199252,1
1,48.27748616012725,16.44200894785387,1
1,48.2317763256362,16.35256332207344,1
1,48.30318049162993,16.41142560527436,1
1,48.2220200984717,16.3170200293806,1
1,48.20224776336822,16.26562878013818,1
1,48.23528020827239,16.31301103539095,1
1,48.21018784884078,16.28302241233887,1
2,48.17113569065848,16.30460901679186,1
2,48.16299729402353,16.32936386508653,1
2,48.20674895276515,16.3692878536991,1
2,48.17069455071557,16.3705209438859,1
2,48.21144809186998,16.29357599986131,1
2,48.1879704592662,16.32410424992845,1
2,48.19070810480665,16.36180758945619,1
2,48.15471002349716,16.25573873170844,1
2,48.16599410195354,16.40238631418359,1
2,48.15926496785849,16.33501313591237,1

# travel duration in seconds
0,1440,1128,1230,1072,1119,1050,1157,507,1274,929,1659,1081,1584,1037,1630,1141,1374,1354,1368,900,934,686,469,1257,806,584,1427,437,796
1361,0,1038,1405,445,1051,995,1286,1470,884,1712,2561,1811,1528,1543,1703,1870,2276,1870,2216,1765,1700,1521,1375,2092,1709,1453,2167,1564,1613
1122,1064,0,747,697,214,365,566,1231,665,1092,1977,1191,613,923,818,1250,1857,1250,1658,1526,1460,1125,1136,1481,1469,1173,1928,1325,1374
1347,1489,651,0,1121,655,889,321,1390,1189,848,1732,947,811,679,724,1006,1613,1006,1414,1513,1656,1076,1361,1236,1239,1233,2040,1550,1599
1058,505,735,1102,0,748,643,984,1167,545,1410,2258,1508,1177,1240,1401,1567,1973,1567,1914,1462,1397,1218,1073,1789,1406,1150,1864,1262,1311
1204,1154,108,743,784,0,456,548,1313,755,1075,1959,1174,627,906,831,1233,1840,1233,1641,1608,1543,1215,1219,1463,1466,1263,2010,1408,1457
1023,932,400,961,589,498,0,762,1131,364,1289,2173,1387,647,1119,977,1446,1938,1446,1855,1427,1361,1182,1037,1677,1370,1114,1828,1226,1275
1054,1195,544,322,828,541,801,0,1157,1029,651,1535,750,803,482,743,809,1416,809,1217,1316,1392,853,1068,1039,1042,999,1843,1257,1306
401,1529,1217,1319,1161,1208,1139,1150,0,1363,770,1346,819,1673,880,1719,884,1061,1105,1055,586,560,558,138,993,493,286,1114,707,422
1291,795,699,1260,534,760,412,1061,1400,0,1587,2471,1686,946,1418,1176,1745,2206,1745,2146,1695,1630,1451,1306,1975,1639,1383,2097,1494,1544
848,1741,1029,856,1373,1032,1270,587,713,1570,0,1138,253,1231,289,1171,311,890,540,688,790,933,495,819,510,516,653,1317,1166,879
1606,2654,1920,1746,2286,1922,2161,1477,1318,2460,1126,0,955,2121,1242,2061,877,414,1136,738,1024,1296,1447,1455,858,934,1332,1370,1925,1352
995,1879,1127,953,1512,1129,1368,685,841,1667,246,1014,0,1328,362,1269,187,882,367,662,819,962,643,947,484,594,800,1346,1314,994
1484,1426,379,762,1058,508,584,561,1592,884,1087,1971,1186,0,918,747,1245,1852,1245,1653,1752,1822,1315,1498,1475,1478,1472,2279,1687,1736
932,1525,772,598,1157,775,1013,330,895,1313,335,1235,433,973,0,914,492,1099,440,901,1000,1142,580,914,723,726,737,1527,1251,1089
1722,1760,764,796,1392,893,969,669,1738,1165,1195,2080,1294,700,1026,0,1353,1960,1353,1761,1860,2003,1423,1737,1584,1586,1580,2387,1925,1949
1055,1939,1186,1013,1571,1189,1427,744,869,1727,306,880,135,1388,422,1328,0,772,363,551,754,897,703,975,374,528,853,1274,1373,953
1230,2277,1683,1510,1909,1686,1888,1241,941,2111,809,416,671,1885,919,1825,625,0,920,361,647,919,1070,1078,481,558,956,993,1548,976
1187,1941,1192,1019,1573,1195,1433,750,1109,1733,527,1133,352,1393,453,1334,365,1057,0,837,1004,1147,834,1168,659,778,992,1524,1505,1203
1357,2330,1618,1444,1963,1621,1859,1176,1098,2159,744,836,605,1819,853,1760,560,551,855,0,869,1071,1023,1205,247,702,1083,1215,1675,1127
797,1845,1533,1454,1477,1524,1456,1185,495,1679,753,1055,683,1829,863,1769,690,782,940,835,0,360,802,589,790,306,564,624,1069,417
916,1907,1595,1698,1539,1586,1518,1507,528,1741,1075,1447,1054,2051,1184,2091,1061,1169,1310,1206,530,0,954,608,1161,677,682,961,1090,207
603,1558,1040,1061,1190,1057,1168,845,563,1391,466,1433,619,1489,533,1429,678,1148,850,1000,895,946,0,582,822,666,406,1422,921,807
405,1476,1164,1267,1109,1155,1087,1155,132,1310,814,1415,888,1621,923,1667,954,1130,1174,1124,648,601,594,0,1063,562,356,1175,660,462
1228,2174,1421,1247,1806,1424,1662,979,986,1962,547,851,420,1622,656,1563,371,566,669,345,839,1015,876,1093,0,646,971,1194,1546,1071
813,1861,1416,1242,1493,1418,1472,974,522,1695,542,908,472,1617,651,1558,516,623,765,661,407,550,654,659,616,0,539,934,1131,614
624,1623,1128,1149,1255,1145,1234,969,398,1457,552,1289,704,1608,661,1548,765,1004,978,998,681,781,332,503,880,435,0,1209,942,642
1376,2310,1998,2032,1943,1989,1921,1764,1074,2144,1332,1348,1251,2407,1441,2348,1250,1075,1500,1169,584,872,1381,1168,1248,884,1143,0,1524,857
425,1671,1359,1462,1303,1350,1282,1388,584,1505,1141,1805,1278,1815,1249,1861,1343,1520,1564,1513,1045,985,920,546,1452,952,727,1452,0,898
891,1883,1571,1673,1515,1562,1493,1483,504,1717,1051,1423,1030,2027,1160,2067,1037,1144,1286,1182,506,219,930,583,1137,652,658,936,1066,0
